0 7157 0
4 715b 0
8 457f 0
12 4583 0
16 4587 0
20 458b 0
24 458f 0
28 314b 0
32 314f 0
36 3153 1
40 3157 1
44 315b 1
48 315f 0
52 3163 0
56 3167 0
60 316b 0
64 316f 0
68 2a09 0
72 2a0d 0
76 2a11 0
80 2a15 1
84 2a19 1
88 2a1d 0
92 2a21 0
96 2a25 1
100 2a29 0
104 2a2d 0
108 2a31 0
112 2a35 0
116 2a39 1
120 2a3d 0
124 2a41 0
128 2a45 1
132 2a49 0
136 3fbc 0
140 3fc0 1
144 3fc4 0
148 7133 0
152 7137 0
156 aa7 0
160 aab 0
164 aaf 0
168 ab3 0
172 ab7 0
176 abb 0
180 abf 0
184 ac3 0
188 ac7 0
192 acb 0
196 acf 0
200 7f5a 0
204 1217 0
208 121b 1
212 121f 1
216 11f8 0
220 65af 0
224 65b3 0
228 65b7 0
232 221a 0
236 1a4a 0
240 1a4e 0
244 1a52 0
248 1a56 0
252 1a5a 0
256 1a5e 1
260 1a62 1
264 1a66 0
268 1a6a 1
272 1a6e 0
276 1a72 0
280 1a76 0
284 1a7a 0
288 3529 1
292 352d 0
296 3531 1
300 3535 0
304 5128 0
308 512c 1
312 29be 0
316 2730 0
320 2734 1
324 2738 0
328 273c 0
332 2740 0
336 2744 0
340 2748 0
344 6080 0
348 6084 1
352 6088 0
356 608c 0
360 6090 1
364 6094 0
368 70ca 1
372 5ecf 0
376 5ed3 0
380 5ed7 0
384 5edb 0
388 5edf 1
392 5ee3 1
396 5ee7 0
400 5eeb 1
404 166a 0
408 7b42 0
412 7b46 0
416 7b4a 0
420 547e 0
424 f93 0
428 f97 1
432 f9b 1
436 f9f 0
440 fa3 1
444 fa7 0
448 fab 1
452 28e0 0
456 28e4 0
460 28e8 0
464 5fa9 0
468 5fad 0
472 5fb1 0
476 5fb5 1
480 5fb9 1
484 7a1f 1
488 7a23 0
492 7a27 0
496 51fb 0
500 51ff 0
504 5203 0
508 5207 0
512 520b 0
516 520f 0
520 5213 0
524 5217 0
528 521b 0
532 63ec 0
536 63f0 0
540 63f4 1
544 63f8 0
548 63fc 0
552 6400 1
556 6404 0
560 6408 0
564 4b7b 0
568 4b7f 0
572 4b83 0
576 4b87 0
580 4b8b 0
584 4b8f 0
588 d94 0
592 d98 0
596 d9c 0
600 da0 1
604 da4 0
608 da8 0
612 dac 0
616 db0 1
620 575c 1
624 13b6 1
628 13ba 1
632 13be 0
636 13c2 1
640 13c6 0
644 13ca 1
648 13ce 0
652 13d2 1
656 13d6 1
660 13da 0
664 13de 1
668 13e2 1
672 13e6 1
676 1d06 0
680 67fe 0
684 301d 0
688 1190 1
692 1194 0
696 1198 0
700 119c 0
704 11a0 0
708 11a4 0
712 42ae 0
716 42b2 1
720 42b6 0
724 42ba 0
728 42be 1
732 42c2 0
736 42c6 0
740 42ca 1
744 42ce 0
748 5942 0
752 5946 0
756 594a 0
760 2914 0
764 2918 0
768 7c34 0
772 1e31 0
776 1e35 0
780 1c59 0
784 1c5d 0
788 1c61 0
792 1c65 1
796 1c69 0
800 1c6d 1
804 1c71 0
808 1c75 0
812 1c79 0
816 1c7d 1
820 1c81 0
824 1c85 0
828 1c89 1
832 1c8d 0
836 5ce5 0
840 5ce9 0
844 5ced 0
848 5cf1 0
852 5cf5 0
856 5cf9 0
860 5cfd 0
864 5d01 1
868 5d05 1
872 5d09 0
876 5d0d 0
880 5d11 1
884 5d15 1
888 5d19 1
892 56a2 0
896 56a6 1
900 1465 0
904 1469 1
908 146d 0
912 1471 0
916 1475 0
920 70a8 0
924 70ac 0
928 4e54 1
932 4e58 0
936 4e5c 0
940 4e60 0
944 4e64 0
948 4e68 0
952 4e6c 0
956 4e70 0
960 4e74 0
964 4914 1
968 6b00 0
972 198d 0
976 1991 0
980 1995 0
984 1999 0
988 199d 1
992 19a1 0
996 19a5 1
1000 3846 1
1004 384a 0
1008 384e 0
1012 3852 0
1016 481e 0
1020 4822 0
1024 4826 0
1028 482a 1
1032 482e 0
1036 4832 0
1040 4836 0
1044 483a 0
1048 483e 0
1052 4842 0
1056 33b4 0
1060 33b8 0
1064 33bc 0
1068 33c0 0
1072 68ea 0
1076 4ebc 0
1080 4ec0 0
1084 4ec4 0
1088 3ab5 0
1092 5110 0
1096 5114 0
1100 5118 0
1104 5bb2 1
1108 5bb6 0
1112 5bba 0
1116 5bbe 0
1120 5bc2 0
1124 5bc6 0
1128 5bca 0
1132 5bce 0
1136 5bd2 0
1140 7574 0
1144 7578 0
1148 a8b 0
1152 a8f 0
1156 a93 0
1160 64ce 1
1164 64d2 0
1168 3009 1
1172 29e5 0
1176 29e9 1
1180 29ed 0
1184 29f1 1
1188 29f5 0
1192 29f9 0
1196 29fd 0
1200 533a 0
1204 533e 0
1208 5342 0
1212 5346 1
1216 534a 0
1220 534e 1
1224 5352 0
1228 5356 0
1232 535a 0
1236 535e 0
1240 5362 0
1244 5366 0
1248 2557 0
1252 255b 1
1256 255f 0
1260 2563 0
1264 35dd 0
1268 2afc 0
1272 2b00 0
1276 2b04 1
1280 2b08 0
1284 2b0c 0
1288 679b 0
1292 679f 0
1296 41f 0
1300 149 1
1304 14d 0
1308 151 0
1312 155 0
1316 159 0
1320 1a89 0
1324 4e84 0
1328 4e88 0
1332 4e8c 0
1336 5a61 0
1340 5a65 0
1344 2b71 0
1348 2b75 0
1352 2b79 0
1356 41f6 1
1360 41fa 1
1364 332d 0
1368 6cb4 0
1372 6cb8 1
1376 27d0 0
1380 398d 0
1384 3991 0
1388 3995 0
1392 3999 0
1396 399d 0
1400 a01 0
1404 a05 0
1408 a09 0
1412 a0d 0
1416 a11 0
1420 a15 1
1424 a19 0
1428 a1d 0
1432 5fdf 1
1436 5fe3 0
1440 5fe7 0
1444 5feb 0
1448 5fef 0
1452 5ff3 0
1456 5ff7 0
1460 222c 1
1464 7798 0
1468 779c 0
1472 2d3 0
1476 2d7 0
1480 2db 0
1484 2df 0
1488 2e3 1
1492 2e7 0
1496 5f1d 0
1500 3445 0
1504 312 0
1508 316 0
1512 31a 0
1516 31e 0
1520 322 0
1524 326 0
1528 74ef 0
1532 74f3 0
1536 74f7 0
1540 74fb 0
1544 3cf4 0
1548 3cf8 0
1552 3cfc 0
1556 3d00 0
1560 16c 0
1564 170 0
1568 174 0
1572 178 0
1576 17c 0
1580 180 0
1584 184 0
1588 188 1
1592 18c 0
1596 190 1
1600 194 0
1604 198 1
1608 367 0
1612 36b 0
1616 36f 0
1620 373 0
1624 5386 0
1628 538a 0
1632 538e 0
1636 5392 0
1640 5396 0
1644 539a 1
1648 539e 0
1652 53a2 0
1656 4bcb 0
1660 4bcf 0
1664 4ef 0
1668 4f3 1
1672 4f7 0
1676 4fb 0
1680 7205 0
1684 7209 1
1688 720d 0
1692 7211 0
1696 7215 0
1700 1d3a 0
1704 1d3e 0
1708 37c4 0
1712 37c8 0
1716 37cc 0
1720 37d0 0
1724 37d4 0
1728 37d8 0
1732 37dc 0
1736 43 0
1740 47 0
1744 4b 1
1748 4f 0
1752 53 0
1756 57 0
1760 6f1e 0
1764 6f22 0
1768 6f26 1
1772 6f2a 0
1776 6f2e 0
1780 6f32 0
1784 6f36 0
1788 70e5 0
1792 70e9 0
1796 70ed 0
1800 70f1 0
1804 20ba 1
1808 20be 0
1812 20c2 0
1816 73b0 0
1820 35de 0
1824 35e2 0
1828 35e6 0
1832 4762 1
1836 1065 0
1840 1069 0
1844 2f9f 0
1848 2fa3 1
1852 4fc3 0
1856 4fc7 1
1860 4fcb 1
1864 1b90 0
1868 1b94 0
1872 1b98 0
1876 1b62 0
1880 1b66 0
1884 1b6a 0
1888 134a 0
1892 134e 1
1896 1352 0
1900 1356 0
1904 135a 0
1908 135e 0
1912 1362 0
1916 1366 0
1920 136a 0
1924 136e 0
1928 1372 0
1932 1376 0
1936 137a 0
1940 137e 0
1944 4d9 0
1948 52c 0
1952 530 0
1956 7ace 0
1960 7ad2 1
1964 7ad6 0
1968 7ada 0
1972 7ade 0
1976 7ae2 1
1980 7ae6 1
1984 7aea 0
1988 7aee 0
1992 7af2 0
1996 7af6 0
2000 7afa 0
2004 4a9b 1
2008 541d 0
2012 5421 0
2016 5425 0
2020 5429 0
2024 542d 0
2028 5431 0
2032 5435 0
2036 12f9 0
2040 12fd 0
2044 4de9 0
2048 4ded 0
2052 4df1 0
2056 4df5 0
2060 4df9 0
2064 4dfd 1
2068 4e01 0
2072 4e05 0
2076 4e09 1
2080 6242 0
2084 6246 0
2088 624a 0
2092 624e 1
2096 6252 0
2100 6256 1
2104 494b 0
2108 242a 0
2112 242e 0
2116 2432 0
2120 2436 0
2124 243a 0
2128 243e 1
2132 2442 0
2136 2446 0
2140 680e 1
2144 6812 1
2148 3b3 1
2152 2f89 0
2156 2f8d 0
2160 2f91 0
2164 2f95 0
2168 2f99 0
2172 2f9d 0
2176 2fa1 0
2180 2fa5 0
2184 5a6f 0
2188 5a73 1
2192 3248 0
2196 324c 1
2200 3250 0
2204 3254 0
2208 3258 0
2212 45a2 1
2216 45a6 0
2220 45aa 0
2224 45ae 0
2228 45b2 0
2232 45b6 1
2236 45ba 0
2240 45be 0
2244 45c2 0
2248 45c6 0
2252 45ca 0
2256 45ce 0
2260 45d2 0
2264 45d6 0
2268 3450 0
2272 3454 1
2276 3458 0
2280 345c 1
2284 3460 0
2288 3464 1
2292 3468 1
2296 346c 0
2300 3470 0
2304 3474 0
2308 3478 0
2312 347c 0
2316 3480 1
2320 3484 0
2324 7743 0
2328 12d 0
2332 131 1
2336 135 1
2340 2819 0
2344 281d 0
2348 2821 0
2352 42e2 0
2356 212e 0
2360 2132 0
2364 5c9c 1
2368 5ca0 0
2372 5ca4 1
2376 5ca8 0
2380 4c5b 1
2384 4c5f 0
2388 6d04 0
2392 22d5 0
2396 22d9 0
2400 27b7 0
2404 27bb 0
2408 27bf 0
2412 27c3 0
2416 27c7 0
2420 27cb 0
2424 27cf 0
2428 27d3 0
2432 2c68 0
2436 2c6c 0
2440 5ff6 0
2444 4910 1
2448 4914 0
2452 4918 0
2456 491c 0
2460 2e71 0
2464 2d06 1
2468 2d0a 0
2472 2d0e 0
2476 2d12 0
2480 609e 0
2484 1465 0
2488 1469 0
2492 146d 0
2496 1471 0
2500 1475 1
2504 1479 0
2508 147d 0
2512 1481 0
2516 3289 0
2520 328d 0
2524 3291 0
2528 3295 0
2532 4b96 0
2536 4b9a 1
2540 4b9e 1
2544 4ba2 0
2548 4ba6 0
2552 4baa 0
2556 4bae 0
2560 4bb2 1
2564 4bb6 0
2568 4bba 0
2572 6b9 0
2576 6bd 0
2580 6c1 0
2584 6c5 0
2588 6c9 0
2592 6cd 0
2596 1631 1
2600 1635 0
2604 1639 0
2608 34 0
2612 38 0
2616 3c 1
2620 40 0
2624 44 0
2628 48 0
2632 4c 0
2636 50 0
2640 54 1
2644 58 0
2648 5c 0
2652 60 1
2656 64 0
2660 68 0
2664 6c 0
2668 70 0
2672 74 0
2676 78 0
2680 2c5 0
2684 2c9 1
2688 2cd 1
2692 2d1 0
2696 2d5 0
2700 4121 0
2704 4125 0
2708 4129 0
2712 412d 0
2716 4131 0
2720 4135 1
2724 4139 0
2728 413d 0
2732 270 1
2736 274 0
2740 278 0
2744 27c 1
2748 280 0
2752 284 0
2756 288 1
2760 28c 1
2764 290 1
2768 294 0
2772 298 0
2776 29c 0
2780 2a0 0
2784 2a4 1
2788 2a8 0
2792 2ac 0
2796 2b0 1
2800 2b4 0
2804 4f53 0
2808 4f57 0
2812 4f5b 0
2816 2daf 0
2820 2db3 0
2824 590 0
2828 594 0
2832 598 1
2836 59c 0
2840 5a0 0
2844 5a4 1
2848 5a8 1
2852 5ac 0
2856 771e 0
2860 7722 0
2864 7726 1
2868 772a 0
2872 772e 0
2876 7732 0
2880 7736 0
2884 773a 0
2888 773e 0
2892 7742 0
2896 7746 0
2900 774a 0
2904 774e 0
2908 7752 0
2912 6466 0
2916 646a 1
2920 5d2f 0
2924 5d33 0
2928 5d37 0
2932 5d3b 0
2936 5d3f 1
2940 395e 1
2944 3962 0
2948 3966 0
2952 5256 0
2956 525a 0
2960 525e 0
2964 5262 0
2968 5266 0
2972 526a 0
2976 526e 0
2980 5272 0
2984 5276 1
2988 4b70 1
2992 4b74 0
2996 4b78 0
3000 4b7c 0
3004 4b80 0
3008 4b84 0
3012 4b88 1
3016 4b8c 0
3020 78a7 0
3024 4fc 0
3028 500 0
3032 504 1
3036 508 0
3040 50c 0
3044 510 0
3048 514 0
3052 518 0
3056 51c 0
3060 efa 0
3064 efe 0
3068 f02 0
3072 f06 0
3076 f0a 0
3080 f0e 1
3084 dab 0
3088 daf 0
3092 db3 0
3096 db7 0
3100 dbb 0
3104 2870 1
3108 2874 0
3112 2878 0
3116 287c 1
3120 2880 0
3124 2884 0
3128 2888 0
3132 5a3a 0
3136 5a3e 0
3140 5a42 1
3144 5a46 0
3148 5a4a 0
3152 2ecb 0
3156 2ecf 0
3160 538e 0
3164 5392 0
3168 5396 0
3172 539a 0
3176 539e 1
3180 53a2 0
3184 53a6 1
3188 53aa 0
3192 53ae 1
3196 53b2 0
3200 53b6 0
3204 53ba 0
3208 32f9 0
3212 32fd 0
3216 3301 0
3220 40c7 1
3224 40cb 0
3228 40cf 0
3232 40d3 0
3236 40d7 1
3240 5de2 0
3244 5de6 0
3248 3a36 0
3252 3a3a 0
3256 3a3e 1
3260 3a42 0
3264 3a46 0
3268 3a4a 0
3272 3a4e 0
3276 3a52 1
3280 3a56 1
3284 3a5a 0
3288 30e5 0
3292 30e9 0
3296 30ed 0
3300 30f1 0
3304 30f5 0
3308 30f9 0
3312 7cdf 0
3316 7ce3 0
3320 7ce7 0
3324 7ceb 0
3328 7cef 1
3332 7cf3 0
3336 7cf7 0
3340 7cfb 0
3344 7cff 0
3348 7d03 0
3352 5c3c 0
3356 5c40 0
3360 5c44 0
3364 5c48 0
3368 5c4c 1
3372 49a9 0
3376 49ad 0
3380 49b1 0
3384 49b5 0
3388 49b9 0
3392 49bd 0
3396 49c1 0
3400 22dc 0
3404 22e0 0
3408 22e4 0
3412 2475 0
3416 2479 1
3420 247d 0
3424 2481 0
3428 2485 0
3432 2489 0
3436 248d 0
3440 2491 0
3444 2495 0
3448 2499 1
3452 249d 0
3456 24a1 0
3460 24a5 0
3464 24a9 0
3468 24ad 0
3472 24b1 0
3476 24b5 0
3480 24b9 0
3484 24bd 0
3488 24c1 0
3492 562d 0
3496 7e54 0
3500 7e58 0
3504 3be1 0
3508 3be5 1
3512 3be9 0
3516 6478 1
3520 647c 0
3524 6480 0
3528 6484 0
3532 6488 0
3536 648c 0
3540 6490 0
3544 5b0d 0
3548 5b11 1
3552 5b15 0
3556 5b19 1
3560 5b1d 0
3564 1d35 0
3568 1d39 1
3572 1d3d 0
3576 1d41 0
3580 520f 1
3584 63a2 1
3588 63a6 1
3592 63aa 0
3596 63ae 0
3600 63b2 0
3604 63b6 0
3608 63ba 0
3612 63be 0
3616 63c2 0
3620 63c6 1
3624 63ca 0
3628 63ce 0
3632 63d2 0
3636 63d6 0
3640 e27 0
3644 e2b 1
3648 e2f 0
3652 e33 0
3656 e37 0
3660 e3b 0
3664 e3f 0
3668 e43 0
3672 69bc 0
3676 69c0 0
3680 6a15 0
3684 6a19 0
3688 6a1d 0
3692 6a21 0
3696 6a25 0
3700 6a29 0
3704 6a2d 1
3708 782d 0
3712 7831 0
3716 7835 0
3720 7dcc 0
3724 3e7a 0
3728 3e7e 0
3732 7a64 0
3736 7a68 0
3740 39ce 0
3744 39d2 0
3748 39d6 0
3752 39da 0
3756 39de 0
3760 39e2 0
3764 6453 1
3768 728 0
3772 72c 0
3776 730 0
3780 734 1
3784 738 0
3788 73c 0
3792 740 0
3796 744 0
3800 748 0
3804 74c 1
3808 750 0
3812 38d6 0
3816 38da 0
3820 38de 0
3824 38e2 0
3828 38e6 0
3832 6ab3 0
3836 6ab7 0
3840 6abb 0
3844 6abf 0
3848 6ac3 0
3852 6ac7 0
3856 6acb 0
3860 6acf 1
3864 6ad3 1
3868 6ad7 1
3872 6adb 0
3876 57 0
3880 5b 0
3884 5f 1
3888 3189 0
3892 318d 0
3896 3191 1
3900 3195 0
3904 3199 1
3908 319d 0
3912 31a1 0
3916 31a5 0
3920 31a9 0
3924 31ad 0
3928 31b1 1
3932 31b5 0
3936 31b9 0
3940 28b8 0
3944 28bc 0
3948 28c0 0
3952 28c4 0
3956 28c8 0
3960 28cc 0
3964 28d0 0
3968 4e95 0
3972 4e99 0
3976 74a1 0
3980 74a5 0
3984 74a9 0
3988 24a1 0
3992 24a5 1
3996 24a9 0
4000 24ad 0
4004 24b1 0
4008 24b5 0
4012 492f 0
4016 4933 0
4020 4937 1
4024 493b 0
4028 493f 0
4032 4943 0
4036 5a76 0
4040 5a7a 1
4044 5a7e 0
4048 5a82 0
4052 5a86 0
4056 5a8a 0
4060 f50 0
4064 f54 0
4068 f58 0
4072 f5c 0
4076 59aa 0
4080 59ae 0
4084 3588 0
4088 7c00 0
4092 7c04 0
4096 7c08 0
4100 7c0c 0
4104 7c10 0
4108 7c14 0
4112 37ae 0
4116 37b2 0
4120 37b6 0
4124 37ba 1
4128 54f1 0
4132 54f5 0
4136 54f9 0
4140 54fd 0
4144 5501 0
4148 5505 0
4152 5509 1
4156 550d 1
4160 5511 1
4164 5515 0
4168 5519 0
4172 551d 0
4176 5521 0
4180 5525 0
4184 5529 0
4188 552d 0
4192 5531 0
4196 5535 1
4200 5539 0
4204 553d 1
4208 5541 0
4212 5545 0
4216 5549 0
4220 554d 1
4224 5551 0
4228 5555 0
4232 754e 1
4236 7552 1
4240 7556 0
4244 755a 1
4248 755e 0
4252 7562 0
4256 2b11 0
4260 2b15 0
4264 2b19 0
4268 1e99 1
4272 36c6 1
4276 5c4a 0
4280 5c4e 0
4284 5c52 1
4288 5c56 0
4292 5c5a 0
4296 5c5e 0
4300 5c62 0
4304 4cf6 0
4308 4cfa 0
4312 4cfe 0
4316 4d02 0
4320 4d06 0
4324 4d0a 0
4328 4d0e 0
4332 4d12 0
4336 4d16 0
4340 4d1a 0
4344 4d1e 1
4348 4d22 0
4352 4d26 0
4356 7ff3 1
4360 3c6a 1
4364 3c6e 0
4368 3c72 0
4372 3c76 0
4376 3c7a 0
4380 3c7e 1
4384 3c82 0
4388 3c86 0
4392 3c8a 0
4396 3c8e 0
4400 3c92 0
4404 3c96 0
4408 3c9a 0
4412 3c9e 0
4416 3ca2 0
4420 3ca6 0
4424 3caa 0
4428 3cae 0
4432 3cb2 0
4436 3cb6 0
4440 3cba 0
4444 3cbe 1
4448 7728 0
4452 772c 0
4456 e29 0
4460 1d44 1
4464 5f46 0
4468 5f4a 1
4472 5f4e 0
4476 5f52 0
4480 5f56 0
4484 5f5a 0
4488 c6c 1
4492 61da 0
4496 61de 1
4500 61e2 0
4504 61e6 0
4508 6d8c 0
4512 6d90 0
4516 6d94 0
4520 6d98 1
4524 1874 0
4528 1878 0
4532 187c 0
4536 1880 0
4540 1884 0
4544 1888 1
4548 188c 1
4552 1890 0
4556 1894 0
4560 1898 0
4564 189c 0
4568 18a0 0
4572 5116 1
4576 4373 0
4580 4377 0
4584 437b 0
4588 437f 0
4592 4383 1
4596 4387 1
4600 438b 0
4604 438f 0
4608 4393 1
4612 4397 0
4616 439b 1
4620 439f 0
4624 43a3 0
4628 43a7 0
4632 43ab 1
4636 43af 0
4640 10fa 0
4644 10fe 0
4648 1102 0
4652 1106 0
4656 7ef7 0
4660 7efb 0
4664 7eff 1
4668 7f03 0
4672 7f07 0
4676 7f0b 0
4680 1356 0
4684 135a 0
4688 135e 0
4692 1362 0
4696 1366 0
4700 2298 0
4704 229c 0
4708 22a0 0
4712 22a4 0
4716 7e7e 1
4720 7e82 0
4724 7e86 0
4728 7e8a 0
4732 5a43 0
4736 5a47 0
4740 195d 0
4744 1961 0
4748 49ad 0
4752 49b1 0
4756 49b5 0
4760 49b9 0
4764 49bd 0
4768 49c1 1
4772 49c5 0
4776 49c9 0
4780 49cd 0
4784 49d1 0
4788 5863 1
4792 5867 0
4796 586b 0
4800 586f 0
4804 5873 0
4808 5877 1
4812 587b 0
4816 587f 0
4820 5883 0
4824 5887 1
4828 588b 1
4832 588f 0
4836 5893 0
4840 5897 0
4844 5067 1
4848 6d75 0
4852 6d79 0
4856 6d7d 1
4860 6d81 0
4864 609d 1
4868 60a1 0
4872 60a5 0
4876 2deb 0
4880 2def 0
4884 5814 1
4888 5818 0
4892 581c 0
4896 5820 0
4900 5824 0
4904 5828 1
4908 582c 0
4912 5830 0
4916 5834 0
4920 5838 0
4924 583c 0
4928 bec 0
4932 bf0 0
4936 bf4 0
4940 bf8 0
4944 bfc 0
4948 6d8 1
4952 6dc 0
4956 6e0 0
4960 6e4 1
4964 5c53 0
4968 5c57 0
4972 5c5b 0
4976 3f4b 0
4980 1c94 0
4984 1c98 0
4988 4f9f 0
4992 368 0
4996 36c 0
